200
-194524 -582567
-546464 670522
-598315 775017
-584551 507614
-163212 -601062
-940885 577929
-282387 887874
-372020 574266
-725119 236976
-440748 -707937
-312753 -854792
-351207 891048
-186895 872981
-110629 -885616
-12634 712820
-110507 27436
-961577 -863643
-721976 837824
-817407 -320657
-998046 -639088
-48799 627368
-77394 -308084
-192541 564745
-383129 647206
-390758 849665
-209845 538377
-426740 -922788
-793389 840327
-102084 593371
-456801 316324
-299691 121860
-926053 163121
-575823 567735
-409527 -262489
-625263 -942014
-534958 -572313
-463515 -715872
-737388 231788
-669209 207129
-192205 605517
-530991 188695
-886867 142307
-442365 610644
-924802 647755
-388531 45075
-655873 170873
-868526 -962218
-726432 555528
-96652 567552
-643086 73152
-827387 243446
-944151 -299478
-646320 -696584
-571947 604297
-72511 475753
-540208 -604968
-314462 -233741
-490066 713736
-24445 234229
-228614 -287759
-894650 818536
-843379 -8941
-438550 277443
-486953 -443281
-802179 -695852
-425275 360942
-947874 880611
-443098 -15350
-54963 -68269
-200933 -971434
-481307 343729
-636829 774040
-128696 407208
-6561 675038
-556596 749382
-656758 245277
-687490 -183507
-123508 902462
-448011 970213
-651783 331278
-189153 258644
-727561 929441
-229651 927060
-718070 897640
-365977 -271767
-213019 -463545
-693227 -903317
-160557 -686696
-579882 248573
-392193 261024
-140995 -730338
-629840 -729239
-52980 -745658
-569353 -157078
-53895 557908
-133732 856196
-973265 224341
-490127 -80233
-634449 652821
-924161 -130283
-474654 564439
-165532 -27802
-224555 332804
-258613 396282
-492904 740165
-571459 -480941
-598773 -778557
-37293 625171
-495803 659901
-222602 -436994
-131992 795098
-314401 -79012
-88686 -692678
-621906 -714468
-842646 640369
-685048 -856379
-494949 -375591
-584612 -7538
-310464 -37263
-546983 218543
-911557 644154
-437665 309121
-469679 343607
-237281 957396
-739310 873531
-93722 625782
-276711 -251503
-44099 -872188
-688589 926023
-549 792901
-253395 -215186
-93325 -225562
-759697 -595202
-965147 -933530
-904843 209570
-110324 -211462
-98178 35248
-852931 303384
-12268 687246
-56703 -271217
-725638 47944
-162022 -593432
-801324 -202368
-641987 891232
-144779 -188695
-472579 20416
-984679 -706411
-710318 -370097
-820337 -285378
-770744 476058
-680196 -391033
-502182 927121
-534073 300698
-647999 986877
-203863 616260
-791222 -786675
-615680 -351420
-375499 93478
-737784 -365642
-895870 438215
-47853 6744
-853144 359172
-873104 686819
-565965 -609851
-447157 -324442
-433729 -684621
-27924 -990905
-744712 267372
-919186 140110
-622486 -343119
-740501 806817
-205206 497482
-789056 453291
-650868 686941
-836848 263100
-62257 -191747
-207129 868282
-926114 -987182
-474105 -203100
-159062 547959
-629230 -278420
-355327 491317
-58168 -429364
-328867 -744743
-172124 -434247
-544663 -576708
-36896 247718
-531846 -519882
-844203 552354
-873622 1000000
-568010 -999389
-866634 -146397
-650685 -935728
-444257 997619
-61861 768974
-457197 -591662
-574236 -400677
-905331 722891
-599780 766655
-214423 149082
200
569566 -97628
848414 -791558
773277 240211
526963 872737
401776 -651478
101962 658070
880581 -523483
496993 238624
374706 575792
871028 -858088
370708 60457
103396 -910946
291268 367900
577623 541978
799676 382793
170140 19623
949736 -212866
850886 -252784
837794 398174
800592 199133
913022 -442732
452894 -900814
601825 -367473
365764 -559556
403393 696218
329538 87008
111911 441389
617694 -479659
322031 398785
786126 292764
873805 517258
927732 750175
393383 -830256
788201 -413006
585619 647755
649616 -204138
434797 -793633
387462 -426129
970061 -276894
608081 748649
751121 31525
272377 286416
731406 994323
711905 -555223
654042 -623828
444074 131992
637501 -419354
692220 -963560
106845 -687612
17059 -912411
726920 -772270
965880 811822
493820 -363811
145084 -854976
640766 315164
623615 265175
514725 500228
71810 6317
79897 -885799
543504 417584
204504 296609
306619 28962
386944 296182
629016 386883
77669 789849
925473 421430
253181 689504
172460 -791680
397869 -500473
996642 688222
550737 288003
343272 904721
572466 -666798
131412 -674733
289590 508713
801202 806390
671956 -530869
160100 -234656
699484 -300576
434583 -877803
74648 -510727
932523 -426679
437086 -103305
223731 -240516
236121 761711
243995 891415
918027 833674
229194 394146
583697 -926084
886043 134434
773735 -802301
704947 -208594
536088 515427
822199 935483
433759 -861507
336710 375774
647846 610339
488692 340678
832636 25605
605304 51606
878933 700613
220465 255043
241798 -543626
274819 -726798
989165 -421552
801721 137424
226935 -486251
5981 -634693
57924 369487
141697 945921
729728 274147
94454 93356
128513 665334
75685 333292
274971 565111
333964 483626
977843 -93539
290566 -907895
302682 -26825
4760 893856
10711 15106
375743 850276
625049 101962
986846 333292
279671 -722098
998840 -984008
8423 -920590
998138 -966856
629291 -521103
206427 973632
880581 -683706
957884 267006
965788 282204
850062 -471785
162358 513412
474990 -579393
651600 864925
136722 -398297
225074 -80294
461134 313028
24811 799798
304879 177587
972380 -159947
869197 766167
43855 188268
425092 -503585
47151 393108
556352 -574388
56825 -956907
325876 -498764
163914 -481063
272621 -169408
696188 -78768
644459 -467268
565446 237098
773918 -265358
898159 -193334
2533 -725333
605121 -845942
60457 -324442
47364 -756889
307138 949156
453688 221716
739982 795953
246375 717032
176335 761711
931577 -255836
516067 -86642
710165 290200
490005 -402935
465681 636585
801385 -159154
285561 482711
65645 964232
171544 -67720
455977 957152
96041 405743
459273 191564
60335 -459150
650624 26825
311014 -855708
890926 872615
370860 256080
854976 270912
40437 390118
295663 560777
26612 -986754
950987 686880
354380 324442
499404 -284707
217871 -602343
471022 619251
427503 750785
519394 -103854
108584 -598071
961363 -420209
808618 -522263
990386 -790704
668568 433942
470259 317789