500
-192236 506149
-7507 450849
-358470 287331
-399914 398297
-573656 768242
-44679 639759
-743034 115756
-795281 913632
-901455 102450
-155735 316202
-300180 877498
-812250 738212
-937009 397381
-154057 243140
-998565 -670522
-4150 -300637
-183294 -758964
-277169 978637
-374462 885189
-784020 33173
-630939 397625
-901638 -835077
-965605 215918
-326883 -202002
-879329 533677
-632953 67781
-119602 102694
-847376 538926
-632709 195043
-770287 365031
-177617 537827
-251686 -798455
-571275 -966795
-146397 -814020
-32898 76265
-165349 296304
-597277 -717886
-342478 -599353
-64485 -562791
-335215 312173
-456129 -515732
-277962 -841608
-445661 -644093
-406964 381206
-732444 467818
-175359 -322855
-827631 684926
-77394 -807855
-221137 -427350
-900173 -717459
-398083 745841
-621906 154820
-673635 -872615
-675618 -302957
-314859 -69368
-796594 814020
-918759 -824396
-172612 578844
-514419 553758
-115787 513534
-359019 452558
-974547 310892
-895596 -47029
-504440 310342
-841669 -388225
-417096 -959898
-877925 -158421
-325205 -861384
-904629 701467
-803094 -33417
-335581 -90487
-781029 223914
-397808 891232
-992431 882259
-905758 -324930
-692434 -253151
-479049 448591
-366801 -39948
-672231 586657
-649769 -242286
-985351 965514
-169591 -206701
-224097 373882
-540696 -660023
-178716 -165135
-220770 -315530
-89297 -350321
-452406 24811
-867641 977416
-6683 184362
-543198 761528
-949064 -545152
-902798 -182348
-144810 -118991
-792138 893002
-724051 -701528
-48341 511215
-223853 438947
-532151 -584582
-627460 -586352
-228095 -579332
-18280 -111728
-882473 -510422
-68208 262123
-146366 842707
-78402 163426
-694112 -82979
-791711 -426496
-284279 984191
-695150 892635
-233527 -758415
-31769 -740714
-270760 188940
-239783 -563402
-241187 101474
-38392 576891
-628681 -585497
-878963 -822016
-365123 -169957
-979888 -456282
-895901 958494
-664448 60151
-969573 -691946
-220099 601367
-121341 -565172
-997955 -623828
-318460 64729
-971129 529343
-736289 -998901
-471022 808282
-134250 -370220
-320169 609546
-800134 834467
-79897 -283608
-531266 -865535
-632374 -959959
-621784 858333
-815271 677785
-324381 -836359
-327799 -400616
-755577 -280922
-627216 -724417
-712729 -143040
-33967 560228
-372386 -987365
-765007 138340
-338023 -739432
-113101 -146153
-5890 -239051
-491927 -771538
-718497 -71199
-564561 484115
-673421 -861629
-175176 382061
-57191 -224646
-302041 191198
-372173 -551377
-750694 97262
-425763 -824640
-806115 -633838
-950376 -648976
-562883 573839
-322946 316690
-151402 -785393
-353160 -662831
-579699 -998168
-608203 801324
-409009 171117
-243934 -542527
-982268 -898922
-810327 -502853
-423841 562791
-274 -702139
-129795 909909
-810937 639698
-966948 -476241
-85116 206152
-899594 824213
-903256 183324
-262886 159215
-792840 -231360
-401501 -113376
-225562 402874
-892025 959105
-370189 536790
-68208 325785
-569780 745536
-67903 -537339
-512680 -996398
-119815 344950
-565202 932004
-289651 172215
-235480 830500
-403729 -838618
-236884 308206
-369182 717276
-119571 323465
-609485 295388
-939451 -553086
-833674 268471
-932767 159886
-858668 -890865
-665517 -518
-702810 201940
-625904 -634876
-669728 596179
-729361 796868
-641193 -986816
-703909 -461104
-297769 -580065
-825586 201574
-485702 -518906
-971861 -667897
-449446 203222
-462508 709402
-147770 82064
-656086 -826960
-372844 67110
-771019 -199499
-890743 654164
-900296 244239
-322183 -580004
-687917 -958616
-982268 310831
-636616 -291055
-397839 996826
-514725 -563768
-721579 -394451
-831812 187780
-761040 -852290
-851161 -971495
-841914 945432
-108188 -515060
-223792 -622302
-903653 752677
-287759 -744804
-739829 565294
-213721 135288
-169164 535386
-367290 891842
-23621 -219458
-113864 851435
-493636 -352519
-279671 807977
-25391 -654103
-977599 229041
-505508 -694692
-17365 -33661
-701010 66805
-618335 781853
-424512 -477584
-643604 -996276
-392376 315103
-74556 -376750
-245124 210852
-944486 145298
-698660 -743949
-449537 -494247
-295175 533005
-456617 -632068
-722312 324686
-126194 109775
-169469 503158
-869289 815240
-690145 952269
-356975 -417401
-38422 838801
-801751 -539170
-949491 543015
-228644 327921
-331553 -937620
-955809 22858
-339213 700552
-2227 -955626
-796105 -146946
-642811 127964
-935941 -295388
-827723 -985106
-930753 -352214
-686391 -274941
-174932 -762504
-834040 645802
-794000 -506820
-699514 749931
-346415 -639332
-593768 255531
-187963 147251
-736869 -961241
-466536 -258705
-963133 -885860
-216864 -569627
-322367 492660
-523453 -871272
-296731 732169
-220618 -172338
-851313 -508774
-98513 -918698
-37476 399578
-83498 339823
-367839 -442915
-362254 -57344
-681295 974974
-917661 584948
-717215 269692
-445600 -931638
-117099 924619
-121677 -849726
-73152 429425
-185827 -697317
-341624 611621
-814355 193700
-840357 -528366
-247749 -295205
-549150 834711
-643116 294961
-931516 -869136
-619830 525620
-596545 -382488
-967619 -442365
-419965 -645313
-485152 434186
-842890 -752311
-418500 960570
-566850 468001
-467696 -5523
-364452 -434247
-830774 -40742
-223578 -413312
-253242 -608325
-544602 -495651
-552568 337809
-609057 -717764
-585650 408856
-38422 877132
-128635 309976
-462111 495529
-637714 653675
-112796 417889
-359019 871333
-568803 -299417
-757530 34699
-361095 69856
-732566 400189
-664815 319315
-589403 -511886
-793084 -475692
-235511 -490340
-712698 384868
-569994 -45686
-299722 -989989
-535264 149082
-554307 456282
-799462 -395733
-493087 332193
-538712 955442
-938169 -217871
-287453 -683645
-921170 161351
-326059 854915
-921628 714896
-574297 402874
-657643 -427228
-459273 914792
-648457 -625354
-726981 586169
-266853 -164830
-665730 444624
-501022 563646
-710440 225928
-143620 450056
-896816 -651966
-627765 929868
-133426 795159
-227942 -559556
-761497 724234
-845301 381328
-369792 -392986
-95065 -109530
-334910 -280556
-916074 -249794
-54383 791314
-420117 733878
-342051 628650
-200445 706778
-954374 521103
-818079 -206640
-716238 247047
-684255 -76509
-215124 489059
-58595 -930295
-532670 -528427
-380962 -510971
-981536 -365642
-655903 280617
-317270 -847285
-109042 -427472
-393749 119052
-833429 650013
-730063 195837
-644550 -662648
-958769 -445356
-863856 946775
-623706 -87435
-248054 105380
-295999 -521408
-783989 -225745
-477309 622913
-567369 771050
-258827 81026
-484420 108981
-204962 506271
-914700 -534836
-430402 -818781
-174474 89815
-339182 703299
-918973 -530503
-994811 -545945
-222113 57100
-589678 667470
-553270 -619739
-983214 -93050
-368663 -158360
-776818 -233558
-537156 -477462
-894894 -394268
-318643 303689
-140293 -866206
-113956 614185
-693380 -347880
-704855 -877742
-22766 -229346
-203161 679921
-177526 -590624
-427808 833918
-928373 896908
-927793 215491
-727652 979613
-370983 -878048
-956266 553147
-516586 -398419
-426465 -70284
-490432 -644459
-609363 452070
-581621 768059
-555467 268532
-279671 -621387
-977843 -919980
-770378 -892269
-465651 -327066
-609546 549119
-297708 -951353
-793237 -359233
-824030 964659
-943082 -972167
-884578 696462
-825769 -571398
-234260 -163426
-925260 -682302
-441969 -60029
-286172 237891
-233222 829828
-347941 52827
-745109 376140
-987487 -545396
-661702 -440351
-489761 37202
-699484 -366924
-664967 -751518
-410748 -807428
-830744 534409
-774437 -27924
-878505 -13580
-542619 -827448
-142399 -194006
-811731 -860957
-289895 -102877
-786980 197790
-952452 -98910
-209112 -533982
-315195 984801
-411908 -552964
-384594 -304849
-479079 -777214
-152134 -806695
-470015 56611
-373607 179174
-182195 218604
-182317 820551
-419660 846369
-254921 -1434
-235938 -346720
-748771 -818170
-120761 296731
-729575 -757621
-598193 219336
-307992 -475264
-206213 775078
-203985 -517563
-325724 453169
-957640 192602
500
172215 -987853
494949 62288
991973 -663319
661397 38789
222785 829157
30365 636097
424237 -850886
87435 90670
17609 113498
90426 -41962
515701 568163
385967 -536179
621570 46052
548387 921140
727622 21820
121890 -473860
846339 577440
247840 -153660
504135 -710074
957609 311563
629078 154576
412976 21881
964049 -644337
875270 -815546
36591 -302652
683553 -508224
216803 507248
24719 -246375
894039 825067
775139 -904538
304208 689138
196111 -963866
38850 332926
764275 756523
766747 104098
917477 871883
199865 918942
998626 21637
834864 64424
177343 -413068
500869 160191
632099 850154
245521 93539
772606 -91708
589861 -260597
785119 652638
683675 -722281
280892 -872493
392651 921689
329569 -419782
848323 -132480
658467 -484969
492019 280861
299203 63570
144352 -870723
462782 984008
131412 -323770
924588 601855
998687 -553147
700125 4486
844111 479171
293374 -197973
801721 673024
298287 767509
706747 49287
635425 667775
473738 731192
204229 599047
218634 461531
232978 -861629
656453 466902
106753 -375774
805444 -517624
955809 878292
529190 749259
784142 681386
947996 -203344
421277 315591
250404 -177343
76723 -514267
936521 483809
779747 -68453
24109 908444
484756 -955809
249183 744682
124393 -200659
791344 56123
390820 318704
556321 -122043
526749 -626758
546281 245277
907681 -859431
349070 -493087
696432 -472151
278023 -263100
350810 -625293
193456 55818
266640 846858
536820 675099
336161 333536
609241 -523606
704214 162144
625385 -61433
502670 440839
573809 224707
844721 -656849
415448 242164
860072 -853694
651081 487411
52613 335795
789178 -511459
761436 -910885
745475 -341654
6530 451094
705435 369609
500900 512375
480727 65523
109317 -95004
891293 218176
536301 -73213
203833 947019
523209 -393169
158421 -890499
336832 -974791
614032 677968
829981 -801263
344584 212805
855677 -153721
16571 -752983
316110 -655507
879787 392803
627643 188634
201727 983153
883022 268654
977965 -938535
491988 -724967
948637 -468428
582049 545701
453199 -720572
939817 -333536
154179 -919003
774803 138889
161290 -892574
86886 -574083
587145 -160069
918240 -310342
65981 -791924
271340 532761
266670 -237037
974669 56367
930539 697561
276192 -453352
466566 527878
447218 103427
633991 -753471
177007 521713
344065 -238380
39704 740592
112613 -567308
814752 170384
193670 -482467
942045 -788384
926450 -658619
893185 -722342
326151 -998779
740043 -366252
450483 -582262
701681 365153
572435 -452436
951017 -213538
691244 -431928
462813 -394940
412427 -152806
183568 150791
728110 511398
305093 984435
729056 -577074
922940 -802056
779717 -619006
860591 718741
187108 356608
941129 929136
895443 -423810
487411 -83468
237098 -734916
331949 663747
271706 863521
117709 -506698
744254 -472334
171391 -921018
193487 -271340
730063 -664723
242316 -238196
802606 498886
600665 -22186
447187 -286172
812646 550218
746055 -566820
279305 -410687
258674 949400
587817 -582750
234809 -633594
678395 -184911
368541 -674550
880825 55391
374584 -202795
350901 532395
168004 -747184
938840 -197973
928922 -473128
20355 -154698
833002 -316507
322122 -634205
729361 199133
272286 -63814
546952 774773
908017 803338
710623 88534
870509 -832636
348368 803338
519638 -254554
570696 139866
698568 432782
603564 -670705
180120 -125644
56031 257179
326212 -240821
104159 610522
991241 -350383
871761 -157261
200781 -841792
789971 -733939
637348 -714957
216650 586291
463515 -272499
96469 190893
514481 -24811
943601 -496078
391033 -997497
927579 719595
484054 -628284
344370 227210
461806 558030
253089 -959654
251808 -689748
560136 542222
47425 -140476
331736 859492
371837 -213110
616443 178624
729148 365153
558427 314981
875362 -815485
83285 848933
239112 -123020
937162 -859248
524643 749748
360545 537156
26978 -857539
178502 80904
692007 -681020
587786 38178
451216 706534
422498 553514
863643 295632
179723 -253151
595416 12421
586046 564683
768486 876094
986236 696768
709860 753837
335703 872859
132236 -473555
77455 -150425
277871 476180
685323 -597399
56215 -290505
154148 -366008
707235 428266
218756 -90914
21179 -139500
582598 -265175
646504 -336100
937376 891598
516434 -385479
54933 -868037
926541 -606677
732840 757927
293435 282509
874324 389629
126804 -415204
484725 -761650
245063 -422101
864925 195348
766930 -183751
783227 -950132
909237 593432
907284 148899
122898 376812
276680 -190038
597918 -972472
98269 -198522
668660 -381756
644398 200903
151036 660878
536454 -55085
142368 -443220
194128 383587
315439 -917111
732078 150425
237952 -275551
84902 661854
748680 -331339
642292 557847
921353 -729361
174596 396465
647938 -195104
331308 -85238
372051 -686147
492538 -831049
4089 -632862
255531 -134556
549455 -456892
337229 196142
480483 -554246
173802 -510055
384228 -930600
999084 -6439
916714 -676992
682424 93111
594836 -472334
107852 290200
457808 -300820
375377 243873
128757 427961
605609 192052
307992 169408
629505 -936094
229132 757011
343974 596484
109530 950193
14618 -232825
125949 830133
307199 856074
946806 855830
328714 -551499
352549 392498
459608 -307168
975035 -474776
258095 -876888
687093 970702
218207 362346
674245 -101779
662465 15350
718802 474410
550492 67476
728324 942258
485183 97811
39490 48066
697042 -377178
528672 628894
288430 880489
59999 -827875
519058 -631458
303292 -839533
413251 449690
451521 -985229
471236 -665395
870693 446638
764824 757438
211981 33722
199285 -345439
18616 -169286
222510 -839960
357554 -172704
762565 -770134
508224 66560
675130 207678
238929 -763725
481826 644032
702688 -455061
681020 -317117
482924 695730
411816 -673879
821405 770256
753257 890194
558641 835871
438978 965697
818659 -913266
269753 -805352
969054 -665761
4028 -824152
887661 -344401
8484 811578
67293 17120
449690 -591662
589434 681081
307626 -155247
498275 210974
993316 -883236
606707 887142
850642 -423810
264778 344035
324533 171178
122745 -755912
76418 4913
419080 -202063
827936 -478255
825464 945432
214667 -364055
379345 -990783
430707 113315
536057 -366313
945768 -480330
870906 -178991
75319 48799
463148 -122226
686117 -459456
492812 84322
817133 3997
81545 -101046
498214 956419
909176 509933
547044 891109
636280 547776
625843 -812738
665517 -230262
339213 -227088
271279 530381
654194 854792
630329 -151524
423749 26947
783593 -114719
295083 -929074
61311 -355021
784173 -240394
1983 -290078
797082 977416
296884 824213
380291 469893
791100 136936
980590 -465742
72542 -81698
995757 -36103
680196 560960
898068 -440595
462355 678640
710684 -481429
117069 115329
119235 17426
445142 676992
999389 -704214
347148 398236
641254 558702
96194 157200
452986 6744
917111 449751
423627 308389
403454 -863032
127109 825495
803979 -22064
548661 905636
709006 759269
514481 -446638
168950 835810
6439 -207434
775444 893612
142643 -966917
736442 747672
105166 -246620
477278 -11993
796594 -187414
797753 -714468
506027 703360
117435 -829523
366344 -940855
840174 96285
883602 -272194
368602 600634
319803 -276345
800805 -622608
210882 -628528
839503 70711
800195 -45686
945493 604235
669576 177343
266518 -141941
348826 761040
372722 -493820
185064 -524399
329996 -174047
252784 -70711
142521 -706656
586687 423017
95645 775444
517502 184240
30396 133152
392925 -708243
80935 46845
464430 -395062