1000
-846430 295266
-42207 -378551
-825128 -774315
-474440 -675191
-186742 68666
-262520 7965
-592761 -756981
-14069 84841
-465559 782708
-216650 -585802
-483565 996215
-483870 57008
-379406 986785
-85757 -175389
-408307 -8362
-105655 -966154
-488021 -513657
-427777 308267
-756553 509170
-667561 236487
-772026 251258
-236610 -268898
-416425 342539
-111728 -381939
-388470 689931
-675618 444380
-601245 -669637
-342967 32319
-466963 -838740
-703390 -706991
-576464 -261146
-726401 164708
-290688 604785
-310861 -298898
-880672 -236945
-243781 258522
-705984 229194
-588793 -187536
-134556 96621
-776604 -593340
-104129 -873378
-343546 -360332
-31647 -385113
-484694 407879
-819269 949339
-481032 -27710
-604113 -836329
-749656 -139164
-285775 -288186
-876552 -203192
-357921 339518
-651142 460554
-799737 740134
-949888 -628864
-371074 -571611
-445387 -337168
-226874 299630
-664265 515518
-947996 638782
-14221 817865
-502273 350169
-167729 66103
-924680 572313
-753715 782036
-264442 -121372
-796166 250923
-217993 -21149
-870723 -360576
-467940 -953337
-655812 803552
-712698 -985778
-556779 -249153
-318308 460829
-505386 906247
-80019 936613
-7507 632831
-373088 -191961
-155095 -533768
-622028 -161107
-756431 -940916
-152531 -874691
-102359 923703
-734672 -683248
-291909 150456
-103732 844752
-622547 -142918
-84078 -598529
-426465 -857600
-262306 749320
-33387 -218268
-89266 -169255
-386150 834772
-454725 -119602
-352214 -800500
-805352 -523270
-90029 -293527
-385662 -906369
-64210 830133
-800836 -299539
-587359 570940
-453840 -571916
-221167 174108
-122775 85207
-121982 458296
-640064 -832972
-588610 -701834
-943845 987334
-792413 891842
-311227 647114
-60823 -769402
-984313 -182775
-276192 -222663
-284249 537522
-62013 580797
-303506 -791039
-587755 786461
-993438 849055
-152806 394848
-554216 912320
-337900 989806
-104922 29908
-560167 -46571
-293465 -175939
-464308 633594
-422681 532609
-850245 751701
-443830 -642170
-901120 691213
-428479 -427198
-462477 -663228
-498947 400952
-157139 -260383
-301156 321970
-323679 -148625
-566728 712179
-270760 -908047
-757652 683858
-260963 -256599
-844569 30213
-110538 -125949
-560167 153355
-432355 -341837
-619403 757499
-490340 117038
-33265 947355
-493575 -316843
-387432 -69856
-67659 629963
-434308 -943205
-720114 499649
-186529 -658223
-493972 61677
-521103 538682
-802880 525528
-735129 -729880
-785546 -546159
-160771 -880855
-536637 -292489
-471724 -113315
-383953 -248207
-323343 -557756
-119632 -408124
-88503 -810541
-874782 581133
-303567 346842
-283425 107730
-652729 839960
-832972 566881
-515518 113803
-971465 -111331
-909848 714438
-764427 -57710
-702658 -455610
-785088 389477
-862025 397717
-611499 37812
-908139 -181096
-916318 305429
-215735 -83010
-791985 -723746
-48219 223639
-785149 -103488
-792291 637806
-240089 -682393
-433393 -79042
-101138 211554
-495040 58259
-418012 -685506
-79927 -362376
-567339 326914
-926847 777306
-766899 519028
-156865 -577990
-945554 754112
-251869 169591
-566148 -466444
-411053 696066
-701742 963255
-395123 -98239
-669698 -684560
-914426 -629505
-950254 -838099
-173619 -845454
-87801 190710
-977752 -204962
-915646 -582049
-453169 272133
-883571 680104
-573625 -721915
-630726 751396
-923886 549913
-352214 -891750
-113284 -693105
-89815 383953
-589007 308786
-953001 -742301
-920682 -860744
-575823 -692312
-560258 -544755
-961088 945890
-247260 81392
-379680 290322
-253303 -130893
-309366 339335
-172063 -174199
-631427 421582
-577715 275795
-588457 -630970
-229743 325479
-461134 -158299
-214606 772972
-673238 -792077
-111331 143681
-208838 -40040
-576128 -384838
-945707 -809869
-280648 -958800
-901882 -120426
-540025 -205694
-581682 20142
-850764 -459181
-718619 -890835
-553605 -346354
-871211 739219
-563798 -260475
-657399 49684
-200476 -785241
-40589 -413006
-218024 499710
-129001 -586626
-824152 -729087
-545335 -2838
-386150 48402
-692129 149235
-301431 327219
-302224 -826075
-768028 438947
-649647 -162236
-560838 -82949
-830133 -570513
-22156 -97109
-725455 667256
-938108 -806176
-767235 701742
-419507 975524
-539963 351786
-963774 450605
-734305 981353
-162938 -180700
-102938 736838
-676076 679616
-12237 315591
-716879 -688589
-43031 -991027
-52888 -504257
-2960 -652638
-990325 740989
-792260 -340769
-656758 837366
-942167 147434
-716879 18189
-444074 544724
-86184 -307321
-832667 -313180
-876247 180211
-504409 -401470
-327829 175572
-67415 377391
-500198 870998
-253852 -759117
-602404 -701193
-710837 -562181
-707022 779320
-939817 995757
-798730 796319
-906491 -506973
-308389 -850306
-517593 -439069
-89205 -316873
-381115 -552568
-832331 -240607
-159215 -694662
-821039 831354
-512924 -105197
-305520 -111972
-248298 350566
-276070 -211890
-932889 799707
-639667 856044
-80111 28351
-394085 891689
-128116 679738
-964781 -844691
-985595 -247962
-52247 -131748
-16144 114932
-753440 299783
-97598 -76052
-995361 -141575
-958311 -672811
-80233 375316
-479018 26337
-9765 -396832
-181493 -664387
-859187 -46601
-830439 -180578
-435865 998016
-77028 582628
-403759 -899655
-496932 998962
-611407 -414105
-344889 -152165
-152836 -414624
-992370 -788598
-340830 -454573
-452589 -209082
-906491 837611
-759910 299356
-983581 -813745
-377391 129367
-414960 -233283
-387951 415021
-254982 30945
-100161 -25208
-665578 -813867
-999420 -409009
-334391 210913
-820215 427411
-709860 136326
-33875 -733329
-373027 -347056
-359324 672994
-376079 -263252
-141270 809442
-996612 -592547
-724356 716666
-709921 479842
-404980 789971
-895229 -322153
-296304 -584643
-487563 -661366
-614490 759636
-95522 328928
-615619 -190099
-644795 -885128
-805200 344553
-7751 999298
-231421 -728568
-965788 379772
-784661 198400
-842158 810510
-584368 -371929
-875514 -406720
-863917 -334452
-488265 -994262
-391277 -480544
-679403 166661
-512619 -771752
-450880 -709616
-500411 -51087
-93905 325388
-156804 -464796
-936307 -570024
-686300 619861
-411908 -252357
-838038 985076
-682699 -867152
-352732 339854
-146671 566026
-952238 923215
-628711 335886
-612842 -450270
-498031 79592
-787987 480697
-13031 804284
-714529 -857509
-484603 -740714
-81881 219733
-213 -571611
-280770 -46143
-85695 -659199
-310586 -440107
-424817 -859218
-332865 -38819
-236884 816522
-937467 -151646
-748954 -176763
-565660 -623615
-22614 -550370
-333597 -111301
-826349 -948912
-843653 567796
-910245 -408703
-591143 -893307
-566667 244850
-386181 -36622
-368114 466353
-947935 -461195
-94241 -955748
-611377 -936124
-713126 698538
-42207 -210913
-494399 262581
-106448 398052
-529679 504654
-716360 952879
-741630 739310
-694112 -126773
-505111 -976256
-587847 802575
-902981 -934080
-63295 -825708
-24842 -2746
-106967 447981
-210821 -773064
-933164 -422772
-370891 809106
-319254 -762840
-98300 -630054
-218787 313547
-867885 18402
-51911 -234107
-791528 -406048
-168004 340556
-819696 -834284
-742881 -172856
-552018 462111
-937345 -727774
-581377 435254
-630939 -177037
-163579 749717
-576219 688741
-609241 176854
-526322 -814996
-756797 981933
-888271 -927732
-833216 693136
-879848 -998229
-565202 189458
-138126 -751609
-195287 492873
-369640 -12695
-706961 505355
-72939 12268
-697988 143589
-724356 676931
-585680 521530
-226813 -597766
-805658 637134
-1281 595538
-3875 -61861
-977355 690755
-543931 30518
-38453 977813
-583513 714651
-322885 513687
-139408 956328
-299203 988830
-586443 968657
-849238 -778923
-544633 -95400
-828150 -103061
-729361 296639
-854426 562395
-691213 -206854
-537095 -428510
-86489 -29694
-100558 820337
-815607 807885
-539933 469954
-673940 -366405
-161534 266884
-700460 97964
-755211 301095
-809411 -360362
-834803 832239
-176122 221167
-494521 -612964
-841090 230384
-586626 -418988
-725486 459608
-256721 -608478
-339426 836237
-499313 -176763
-535966 -452681
-445295 -211249
-345622 -664418
-688924 -12665
-842860 -35340
-228736 557695
-770256 167485
-662648 557023
-907040 789300
-262031 240974
-536423 800408
-584368 -302835
-471510 -900601
-488326 275856
-560411 -598193
-916989 -138035
-40070 417950
-739371 -252662
-164281 -638050
-410596 988830
-822077 -505172
-353617 -649922
-13763 -230353
-905301 -793084
-686605 -781090
-530533 -773491
-175054 -181585
-916684 522965
-970946 341654
-640034 -291665
-384990 973387
-473860 -474593
-485305 557054
-205786 -834650
-127384 -201452
-177892 -544358
-559587 238166
-781182 -627338
-610095 -117984
-949644 -710318
-473982 265694
-436231 623767
-235877 621112
-435804 437238
-118808 276314
-75075 -112643
-661702 -535660
-542313 -224433
-226172 498764
-302102 -262092
-38972 528580
-62807 -14740
-17883 -334299
-55299 572618
-529770 502792
-872035 683675
-612964 775261
-726645 707052
-691885 -813379
-652241 327402
-38819 254737
-986877 666310
-826868 -149845
-621509 -568285
-189580 -22156
-34546 779381
-884701 -428083
-233008 596758
-575518 -637714
-487533 476729
-18738 -535721
-313394 -168218
-207190 -679677
-635639 315561
-385174 -275093
-609637 273934
-458082 258674
-273751 -225745
-279763 -346812
-212652 704275
-249580 431836
-833338 -445265
-206854 718405
-826899 223395
-401959 111545
-31861 -113803
-973387 -221289
-353953 -574083
-495010 -561845
-758415 -993499
-402020 -720236
-759849 -31250
-82247 76540
-414197 284890
-757560 -698416
-693929 -723227
-602618 -932706
-427411 8026
-479506 -602771
-828577 439100
-832819 213202
-160039 916257
-315347 -792535
-388500 -141422
-224524 592486
-926450 411908
-447859 434980
-838007 902554
-970519 -678426
-341807 433271
-710287 192510
-195348 483535
-142307 5035
-719595 -780449
-483199 -44160
-942869 274636
-744560 269234
-736228 849513
-366801 85879
-1190 815607
-28717 905270
-82583 -243873
-222235 652882
-737357 614764
-910550 590990
-320230 231177
-675862 -608050
-474074 -486098
-834589 779625
-661488 -514603
-680196 140354
-470229 -122013
-929837 -850245
-892239 -287362
-225226 916470
-840723 121890
-800256 -971678
-156041 -39429
-793847 929654
-384380 193823
-793572 -272621
-818170 84597
-655140 889919
-789025 749443
-92562 412488
-128543 -277138
-589403 498855
-181890 -609668
-472151 -146000
-902493 -886806
-138523 452742
-495162 40772
-66469 -976134
-937284 -100558
-975524 518295
-613788 -839442
-989288 488296
-384380 -120151
-486800 -524063
-776177 684713
-151738 -460127
-795098 -324137
-161290 -611896
-194830 477248
-121189 -340464
-58870 462965
-880001 -591845
-367076 -882808
-364665 190954
-953123 356181
-699240 744132
-43427 -800012
-720938 684621
-522812 60304
-222449 912411
-323404 970580
-444837 -254463
-9186 976165
-153111 231574
-846583 -450849
-667561 -986754
-546006 864192
-123264 -334330
-548478 -163487
-616779 351390
-341685 -237128
-391125 379711
-949461 -247901
-440290 -364848
-567369 -98086
-501632 -747917
-445631 -428266
-976805 277748
-667867 493118
-503646 -744682
-570482 117831
-317850 -381969
-315958 847041
-817438 -159276
-695822 -478591
-504531 -30457
-727561 -551286
-346415 -19867
-141087 -154332
-202581 463911
-557084 -772301
-926694 -389599
-159672 896633
-699850 -537644
-91799 -949491
-708334 -547776
-770592 801904
-69704 -942533
-963438 -951322
-561967 399334
-905056 378795
-844447 -14160
-96407 -358409
-104525 456648
-835901 164250
-41596 -723380
-111087 -842432
-437910 237434
-359233 107058
-888546 942167
-900631 109103
-194250 -422223
-696584 438062
-86855 -578936
-600726 -374919
-981719 615588
-586504 244972
-962736 676412
-670522 -845271
-823999 54414
-534531 471480
-344676 66377
-303567 -163670
-688467 107394
-690115 -558641
-514603 -674794
-887783 -300393
-695211 909146
-318918 447676
-73946 -70772
-732688 849085
-101840 972716
-340006 -162968
-70436 353892
-783257 200476
-657490 124790
-895931 693655
-227607 -972808
-538804 561937
-419415 606585
-424909 -392834
-622089 -569353
-895504 -291085
-626514 -684347
-203711 613483
-651722 441846
-131687 513168
-723105 -613818
-829859 798883
-638416 -721335
-754448 -489791
-126865 -301675
-612170 -747245
-909726 854060
-426099 -708792
-834711 507980
-338328 -268837
-702322 485030
-689870 163426
-460188 -933561
-387829 -954435
-731803 335093
-712820 789727
-796411 35615
-659779 273628
-772179 -166203
-765190 -530716
-498031 916196
-283608 722556
-88839 -428296
-654896 996581
-976195 125644
-581896 238380
-68819 -681508
-835840 -189153
-99887 727103
-253761 600848
-891964 387524
-408642 -259559
-798242 -463332
-247932 -38453
-587054 -163975
-732963 -767815
-156132 -371715
-293710 758720
-316385 95217
-869716 413281
-98544 -689687
-559129 -620746
-232459 193700
-572069 704397
-255928 395184
-404797 -669454
-750968 -605365
-44282 536637
-105319 -225592
-701986 749595
-583147 -653004
-186529 -147618
-980407 -518967
-684224 918729
-372173 311288
-545091 417615
-44434 -721152
-800592 -877864
-276345 207068
-686208 -984740
-820276 902768
-539841 -138218
-343516 -738944
-212530 -143162
-369914 -129673
-693990 143223
-20264 409466
-140995 -993591
-719199 -30884
-30030 -64302
-639606 964506
-860744 814020
-619403 407147
-838648 -489150
-230811 -432416
-389599 -120212
-241431 224463
-328562 -721488
-495468 657704
-148686 -384502
-894619 -836298
-335520 -910855
-293130 422467
-972838 881099
-365031 -777733
-314310 -731131
-480636 749534
-576342 -627552
-966826 -975829
-82705 826654
-448500 480849
-192480 890438
-899685 719870
-286294 744895
-198522 -725302
-605639 -224280
-7293 234687
-52552 -573870
-306039 -268990
-294747 512527
-529618 201849
-803369 -3570
-610614 542649
-906735 979064
-942960 71291
-694174 -29999
-979338 238959
-778923 639271
-481826 508102
-649128 20416
-985595 -174474
-728904 -159245
-436414 -817682
-460554 -358806
-848200 -488967
-830866 592211
-818750 -693105
-921720 -389965
-473555 -776879
-396801 -960112
-491988 128696
-461256 -881405
-945432 243720
-881771 -150151
-356395 843226
-248756 721396
-305398 482131
-931516 -94454
-685689 -56459
-239417 72267
-968474 -960142
-291573 -701376
-207342 -963438
-127109 697378
-616870 816766
-796533 -507827
-21027 749259
-674306 680593
-916226 57496
-157719 -520981
-948576 488967
-387707 -257423
-897824 -744315
-769066 218054
-409283 -775902
-8484 -976012
-350596 -273171
-248634 -173253
-414502 -422132
-785485 906735
-66499 333536
-935941 -280220
-775048 -75045
-427 119937
-283425 -642994
-62379 39063
-115054 -93874
-714102 -149510
-168706 -51179
-814813 876522
-786706 -529313
-201574 661702
-688009 106631
-10162 -968077
-278450 -550706
-45930 47791
-702017 680104
-600177 -530930
-211859 -164372
-358836 159398
-635975 -738334
-725058 56184
-519333 -566270
-96804 904934
-564958 -862086
-534562 -449354
-897885 973479
-941953 926267
-58931 602008
-495498 -547898
-131565 278023
-715872 -74159
-631366 -265938
-404461 984252
-377239 366405
-795678 -901486
-135135 -232032
-823969 -863582
-6408 449140
-500411 -892300
-949430 380474
-161626 -224463
-98117 -243781
-917325 646565
-301339 738578
-110415 -751823
-175328 -355082
-135807 738212
-566057 -932279
-669026 710226
-279793 696340
-358928 466231
-889370 538041
-461104 -566881
-978057 -295358
-860194 216559
-976042 -928922
-572008 -272804
-393169 329081
-254829 654622
-387951 708578
-621967 670888
-855464 -730277
-54475 466200
-196142 -326822
-294259 999603
-266090 210455
-973693 866328
-329416 -970641
-37324 -961302
-767571 42512
-957121 594012
-464644 324198
-159184 323648
-814111 446729
-396130 612506
-801355 292153
-33509 -523087
-236610 -924161
-503860 233222
-565172 -279061
-635639 -238807
-395550 381023
-316873 882045
1000
583361 -119449
127323 -406353
14923 387981
292825 -227240
776238 252174
709280 -639393
792382 417645
972289 -887447
908780 232337
459791 -528366
377849 -404614
674092 -438123
445204 -175054
378612 -785027
815454 471297
692464 936155
851405 -224677
354594 -701132
41779 163853
964751 680196
187749 642902
275978 -890621
534928 41230
678823 426557
337229 -610003
1831 -783623
707174 961760
788567 -778649
711844 332560
413800 -841090
135959 910580
906277 969084
781151 551744
266487 959135
226386 -712057
540940 -753135
267128 45503
55543 -31189
398998 -470412
150700 -632251
348582 -218909
622058 -137638
396801 -83010
978789 -126346
719138 -375896
711905 330515
805261 669179
141178 313791
842402 -766502
209112 483230
378673 259163
935239 -357646
248390 3326
261787 173162
267250 586626
837397 -236854
214392 -940824
19074 66286
738120 328012
159520 -401593
674733 611041
198614 -772637
484237 -633381
831965 -570909
702261 -310159
202520 640919
115115 -291665
282052 -391644
406476 -428785
1129 -461714
922727 -374828
877742 177892
591021 -120212
503006 -547318
516556 703726
903836 448622
14709 -400708
629810 157322
421826 980559
540299 483443
600054 -774468
815515 739036
233985 -930784
811639 -614398
432447 -978484
147618 950346
423871 -298471
975127 -472884
894558 -939664
870143 -935392
386791 -39277
317758 910458
778801 -539109
466383 820337
829767 -554063
829981 -812219
722403 276375
40681 -898831
90060 -307321
724875 -521469
808313 -428083
217749 -475630
479506 -674550
272286 -94424
675832 -794427
278206 -837214
247596 -361186
915799 103915
985076 -627185
749320 317972
257698 238227
141544 210455
578203 -833338
169560 -931119
969847 -937162
68361 219733
182073 47517
245704 -532456
823908 48554
226508 845301
995574 -667806
121158 986358
616901 268166
495406 -894802
5218 -447523
974700 302316
968199 -333506
667683 99063
373546 -738181
667439 211066
466414 95675
609424 -302468
742820 975829
658223 148808
591601 -569566
484511 -233191
799096 -505905
904446 118381
6683 306192
12421 572496
939512 -339304
968626 396130
311655 931241
227881 -541459
386944 -934080
48432 -553422
854548 193151
711020 724234
595629 596087
149571 -761040
692678 365062
757408 346049
291604 -592761
119602 845851
298226 343546
455885 725424
991546 573381
762321 -67903
101413 288857
143650 -118686
343974 389629
750511 87191
465559 149601
206884 -675862
136600 910611
556657 -88503
187444 916074
695791 726767
313058 -925321
119724 533219
116794 945707
722891 -115756
843592 -727225
467116 -506820
988708 -204809
113498 -804345
792657 473891
10437 131046
62562 -769829
276467 459608
427808 915829
733970 8911
661793 432203
764732 248329
713126 -588366
994109 171880
206915 -750511
493881 -554521
31342 59968
149357 497756
837611 -393536
87771 839594
478133 331156
738883 67964
215247 -118320
319833 363994
572374 -977324
428479 -433118
601794 226508
118747 988921
726310 -129581
443372 255256
807214 -842951
107394 -776512
319132 -887417
705557 296304
100100 -860499
143864 608203
717947 256233
395214 220465
674855 -894466
832850 -538926
89419 204779
154881 -180120
769066 -90609
476790 -106601
346781 -934598
654560 653645
25391 -130375
435316 -315378
74678 -956907
737174 503738
191137 -277138
361064 -511520
776787 -69307
862758 725424
749382 807275
281960 -870601
289162 827082
70314 -852290
575548 669606
997344 -714712
703604 -601855
175908 -489364
213415 -717398
757560 378643
644276 822504
425824 -942045
863490 -355998
695699 843470
241645 490890
323557 -409253
678395 950590
979461 856532
647694 -567186
849604 710013
458601 837122
153141 -756553
435499 -317728
792138 -11597
342265 -280800
637379 -722647
727683 219885
408246 -528916
582720 -225562
855922 -665517
396832 516922
133610 662831
8117 -178014
958281 480544
182226 -17212
560045 -546983
255989 -70253
606646 880550
66011 -231513
399151 -471602
377117 -444776
796136 527451
753288 441450
651173 -152775
902523 -805383
176915 681722
598895 -793755
697622 -316354
966490 477980
846980 -87832
825952 -13489
536606 -565080
580797 824762
84536 315103
378460 -830347
879268 997497
652363 -155644
988494 272103
252815 -711081
326425 547715
839228 180974
495834 113773
651600 993102
344187 -514664
837977 -348582
744956 -259987
803094 -11413
256782 -249366
196539 909726
253089 743919
790856 314249
976104 -469313
246375 57069
877224 -609393
236732 -559434
685995 168492
247230 -978911
26764 -575884
181035 -187047
200720 591906
338694 172734
97231 689779
3845 460554
215674 243140
392162 -862910
592974 180486
731070 971190
169560 -394207
356822 865016
908322 240882
568834 198767
936826 65675
193792 741752
235724 -949888
10528 -223151
68453 946745
991546 -593096
569566 56337
359508 -179540
800927 -222876
356913 325418
274330 -843653
11627 551927
551042 -781121
675435 742576
186040 -792168
341471 -897946
116000 760490
333994 303048
715720 -260078
535691 99276
297463 -917294
500869 -887112
923398 900296
217291 731315
167790 773277
555558 417065
31739 32105
204962 645252
698019 -15961
763054 675222
347788 -687398
250587 -357463
965727 -119754
285836 162480
61647 548509
99337 -338724
661641 -656086
127811 341990
890835 498336
715506 -797723
114078 -262184
103122 -111056
39246 -999847
18127 52735
549516 736777
424726 -845698
439222 24719
970610 84566
808191 231177
5249 -860652
745445 749687
366679 365123
233710 -5127
65034 -629688
49745 -738670
158391 -554979
955229 715750
140110 609179
785393 -830713
668111 163884
280739 -708304
84627 -8911
789147 -451155
529374 768059
420667 278023
161046 354136
990936 -565721
700064 -877620
260200 -370921
811975 -181890
698751 995788
391308 -48280
399182 693227
207373 716635
948026 313760
256447 -331064
178319 -697408
161046 867213
884548 -37354
683400 653340
910672 414319
509842 390606
648915 -341319
534165 -225592
36530 -599383
549546 -565202
731986 -5462
175542 -567094
421491 -162114
621143 217200
269600 -818170
144657 -244575
515152 -347849
441450 -444959
245704 153019
292611 -917569
590533 639851
271279 883785
72145 -938749
750907 783928
781914 -850825
515427 855830
514511 739921
563493 19867
140293 -373149
848109 -248237
432020 -168034
328867 -307565
425489 55360
457411 -464033
301065 -341532
695486 -44373
852900 674947
502761 -288308
990386 612872
54445 327860
514328 -475142
378887 14740
756950 -282509
273415 309396
691305 -735221
880275 -675557
931516 517715
815057 -11108
779931 -842616
859675 718466
262245 -195135
83956 199255
45350 -835810
474715 -974883
385174 886104
346293 408032
925687 -886562
615894 262825
390636 703085
64760 -707419
102816 690420
610034 -468428
953886 226477
993896 309152
60304 234229
793053 -449476
999084 -229926
878627 -604174
345622 909268
45289 -605182
365215 -423444
100161 -725424
256630 -438825
883938 -455610
442701 932798
112857 -229865
170720 589068
205267 -74739
249305 733787
15900 993530
234931 131748
271584 -720725
914639 760826
103427 912778
636463 -27802
35706 506973
41047 -907559
737052 506485
171727 300119
397259 -458418
910885 639027
384166 11932
333414 -564683
484145 795892
7507 -434125
166325 68971
633350 688802
553453 -793023
820154 -776573
760979 -585375
380718 -544755
604998 49012
400219 -913510
152 877986
634357 328073
301705 -521317
638660 100589
11047 682821
546983 -408978
290261 -161656
732566 -552079
240211 128086
821405 -185796
515884 -499404
810083 -814722
207190 -263863
496383 -908993
625019 -16022
182134 784081
330088 242103
781609 -944792
49775 654225
190191 82583
666951 740897
159947 446882
867671 -305490
118045 -17303
917294 -726432
476332 905209
30335 620319
137028 836634
526779 -146885
231452 540177
55574 -983855
753288 504593
239570 651509
799554 -11780
775566 1678
725424 -711478
941343 928678
788567 -411511
235633 -339335
922025 339548
137089 -757347
261665 6378
337412 -258369
86947 102572
907742 -364635
38972 703665
319437 694174
982024 -577929
688711 184057
797997 705099
669850 -218146
874904 -349955
714651 -607867
191534 319223
564012 -728537
841944 -483596
473952 827173
702322 -400738
421765 -213415
853877 46601
16663 353953
452223 385509
677175 -429883
113650 899624
459730 -318185
685598 -390118
355021 842768
614886 -472212
533371 134220
145237 344492
547929 667104
389690 744376
511978 630085
59450 626514
387279 -357676
415021 151585
373699 233375
959349 -167455
602191 389782
645496 -632679
532334 307626
44862 496810
260139 -674428
142368 538590
985015 -232703
318582 -695089
782982 452436
766747 -621814
219946 -323099
205633 723990
831965 -10528
405896 -824274
727469 -177983
878719 -101992
155949 -63661
201757 82705
458265 -556535
7080 394482
995910 146794
750114 870845
73061 372417
148045 -486922
140018 860530
738914 -696005
326517 -901303
499679 110385
222907 313730
995178 270088
430066 794640
233710 587298
362651 -607470
408673 572985
736716 994445
127414 266945
729636 -703421
701467 -527054
592059 141605
712698 -619159
140446 -520859
511429 -502029
695059 -572405
661763 -454817
271401 -606189
759697 368511
812219 -496688
627887 -242133
584521 217993
769371 319284
189001 451277
259865 987487
560289 172399
105502 -176641
502517 622577
609210 -649159
330973 291451
604113 -405102
698690 132236
648457 -553453
307870 -799127
559556 547685
558030 -879238
119724 781212
896511 508163
538926 304940
333811 32288
432203 993804
893490 -141788
792077 975341
306039 766899
826776 -667409
658711 633808
726126 475539
595324 339457
527542 204290
656880 -751060
413006 -659596
80263 -93966
97933 -889706
461592 -881893
599383 155919
762077 -493301
721060 -163029
816461 -334330
186651 -440168
420148 770165
622241 172673
846156 -987975
651112 -363658
902615 -290536
353190 -82399
12054 -642719
371593 855159
895077 -224219
156163 98574
905636 -909024
334757 15747
511917 615344
126865 686849
473097 982543
185491 324564
553483 -447187
394940 946958
766197 147434
92196 174901
773033 -794946
40925 614764
811334 352122
394970 459028
997192 -660023
968321 659596
692281 -700521
506027 -420545
443800 579912
448957 -946287
438978 203619
30457 493240
80599 606891
561876 -930387
817102 634357
576921 -344828
368724 749931
242591 855281
611621 -829615
226020 844691
234839 472945
163121 420087
498153 283364
126041 173924
615466 -343882
160405 -386883
96194 374736
184209 -797204
417126 427381
432569 96255
297585 -74251
322336 -513992
236701 515701
221320 359782
464033 472670
265846 -309457
684835 791283
199652 698110
587786 975493
334757 222235
656849 -14526
283211 393627
8636 507614
205023 948820
394726 -830805
84139 -326212
781731 571245
109836 -403088
683706 -290383
726584 61189
288888 -501144
448744 949583
27344 174932
241920 -157506
188512 -760887
273903 529251
145176 -224494
263100 165929
296761 623859
621967 -396801
636036 -858577
236304 285012
493942 82918
160405 -687856
151158 484939
869197 -144199
250526 -332102
117191 -534958
921231 -990478
33997 682760
865688 -664510
962309 -951445
980040 -506881
844660 592699
12573 129795
809717 201208
929715 -46143
126285 295571
684072 -795434
9338 874111
590441 98239
996276 -920651
132480 954954
896938 -384441
378734 786004
775109 -254005
897396 127414
170598 -112704
758110 670094
946348 127262
514877 191534
863704 -908413
605426 -798181
384014 214117
2380 498397
381572 -172765
837488 -92043
566331 704153
712485 306253
571825 -240668
140720 666432
994506 -822229
649739 -381633
296578 279702
148442 172917
535386 -662434
844050 -109988
475112 426007
908902 763389
906857 -304971
874507 959990
66255 374828
988128 -766045
24079 -685354
137302 644886
959044 145115
51484 668233
426496 -183965
951658 825189
239783 -236548
267403 499679
502883 -405407
97048 -695760
805719 -898098
376812 -209753
734855 -115726
876461 301858
792229 726371
772911 132694
675771 -806878
297952 927030
783806 -313089
433912 134434
885555 -856563
469985 -397076
276833 -159978
53498 534897
538773 -752952
802606 644276
363078 579973
211951 399304
925565 -352214
109591 374248
102572 803491
932187 292489
563737 -638264
204504 181035
554673 -8697
464339 89877
141148 953001
84444 952482
936277 -494308
642597 -938657
6714 166142
295968 910672
875484 713309
658009 -963255
429151 753349
575823 -130802
229987 387401
591021 -808771
341776 250984
361186 -882686
438367 -419965
547624 -615924
792901 -56947
262672 637440
873531 826380
742790 -521256
819391 -45625
94058 -84841
166783 -401074
374767 -276863
963408 966368
552232 3784
971556 339457
634266 82705
150059 93569
141361 329813
134800 533616
692159 225562
145390 97872
435193 -264015
746086 -760704
9399 -618549
313089 606463
270516 766624
31708 482680
812982 -834742
888607 -421582
966460 -278908
563798 -475997
81545 -728446
489974 866389
162633 -17670
752128 -10254
884914 -238502
83437 225898
370403 -685384
88320 -794274
420117 -466719
123081 753166
830530 -940366
110599 -408703
589465 -625385
82644 207678
771477 -470442
557725 443494
462294 -947935
99246 -396771
661610 -13733
681630 59358
466200 156041
946867 686849
549577 -170628
186620 -191747
649830 577288
58412 -954649
85909 350352
764458 -116153
861995 -506576
816034 -946409
320596 -696157
693777 -593462
190618 906094
827051 514053
869106 -332773
472853 314188
505081 36164
405468 697195
541886 -779992
954283 860316
445661 -112216
976989 -119388
30243 -875576
950102 903347
704428 580278
626819 667775
742637 52278
776879 -857509
940488 -105655
508743 924527
385052 311746
708578 -706839
173924 868465
334269 319193
379436 -739524
806482 224707
2044 -258888
660451 470229
713614 904782
94882 304879
481582 -567461
195593 -684957
316690 -988677
551347 -622333
20508 762382
841120 86397
553544 -984984
879665 343211
123722 -949125
688314 335764
932187 -816492
535477 -102328
335734 605029
689413 419507
617816 711508
972136 -966765
224311 183324
220648 -469405
847346 683645
576006 -604693
749198 179723
257179 -84841
837824 -458937
260261 -378124
859004 256019
377727 -125553
282967 694021
185430 578112
660634 -513748
318155 -443952
31250 -829035
575579 -521286
4486 512192
292703 525681
39460 418958
99093 -726432
829737 -124210
801416 -506973
195226 287453
782769 -890133
112704 823755
142704 537888
102542 346385
927457 879543
762962 498580
349955 -959898
424024 -425458
994842 462050
310007 -382518
770165 266640
873439 955076
933408 989501
725119 200140
4455 -316904
452284 846613
912717 -756584
221381 -118381
428571 767815
24536 -413800
934629 251686
376232 598437
11780 -197882
822840 -678579
290169 18982
419751 -741935
653950 888302
979918 905758
331003 -350871
